#JOSM PicLayer plugin calibration data
#Wed Apr 27 20:27:24 CEST 2022
POSITION_X=1887048.8189611896
POSITION_Y=6873865.041310641
INITIAL_SCALE=5.120010888153667
M00=0.02741283937640828
M11=0.027535869683257917
M10=-0.14630141261653726
M02=446.78201399350013
M01=0.14660081918710896
M12=-703.9877921313625
